pos	N	G	C	T	A
1	0.0	49.59	0.17	48.95	1.29
2	0.0	1.31	98.43	0.25	0.01
3	0.0	49.29	0.05	50.64	0.02
4	0.0	99.01	0.88	0.09	0.02
5	0.0	1.07	0.3	98.13	0.5
6	0.0	98.21	0.5	1.06	0.23
7	0.0	1.14	0.15	49.82	48.9
8	0.0	49.23	1.36	49.19	0.22
9	0.0	48.95	0.31	49.24	1.5
10	0.0	0.6	49.87	0.44	49.09
11	0.0	0.02	98.15	0.89	0.93
12	0.0	0.03	49.69	0.84	49.44
13	0.0	0.25	0.88	48.99	49.87
14	0.0	0.21	0.16	49.24	50.39
15	0.0	49.49	0.32	0.81	49.39
16	0.0	99.66	0.11	0.09	0.14
17	0.0	49.18	1.32	0.25	49.25
18	0.0	0.26	49.04	50.21	0.5
19	0.0	49.47	0.84	0.7	48.99
20	0.0	49.15	1.3	49.36	0.18
21	0.0	49.22	0.32	49.82	0.65
22	0.0	48.99	50.21	0.26	0.54
23	0.0	0.35	0.88	49.74	49.03
24	0.0	49.22	49.62	0.61	0.55
25	0.0	98.25	0.59	0.66	0.5
26	0.0	49.8	0.44	49.37	0.39
27	0.0	1.34	49.16	0.27	49.23
28	0.0	1.73	47.32	3.54	47.41
29	0.0	49.8	0.42	49.15	0.63
30	0.0	1.19	97.62	0.3	0.89
31	0.0	1.75	0.33	1.41	96.51
32	0.0	8.68	49.2	0.42	41.69
33	0.0	49.2	44.4	5.79	0.61
34	0.0	45.81	49.58	0.47	4.15
35	0.0	49.1	49.48	1.1	0.32
36	0.0	19.65	48.58	1.72	30.05
37	0.0	50.12	1.3	7.49	41.1
38	0.0	47.38	47.12	3.19	2.3
39	0.0	0.89	43.92	54.06	1.12
40	0.0	0.54	0.43	49.07	49.96
41	0.0	47.94	48.97	1.06	2.04
42	0.0	2.16	0.25	0.57	97.03
43	0.0	1.29	48.25	49.46	0.99
44	0.0	49.0	0.98	49.39	0.64
45	0.0	49.11	0.74	0.31	49.84
46	0.0	1.54	47.58	1.9	48.98
47	0.0	1.75	33.12	57.99	7.14
48	0.0	25.02	23.33	30.34	21.3
49	0.0	67.64	15.6	1.93	14.83
50	0.0	8.24	47.88	3.86	40.02
51	0.0	76.85	1.32	14.81	7.02
52	0.0	4.56	69.99	24.37	1.07
53	0.0	0.21	50.85	47.77	1.17
54	0.0	0.3	0.32	49.29	50.1
55	0.0	22.1	1.2	3.45	73.25
56	0.0	1.1	97.8	0.49	0.61
57	0.0	45.81	0.67	48.91	4.61
58	0.0	1.77	0.35	0.77	97.11
59	0.0	98.1	1.16	0.29	0.46
60	0.0	50.04	10.93	38.15	0.88
61	0.0	13.42	33.19	17.5	35.89
62	0.0	1.18	23.07	23.89	51.86
63	0.0	0.73	3.36	66.52	29.39
64	0.0	5.67	14.77	77.89	1.67
65	0.0	0.43	84.01	5.27	10.29
66	0.0	2.26	74.26	3.81	19.67
67	0.0	1.95	25.79	71.27	0.99
68	0.0	4.19	71.08	22.07	2.66
69	0.0	69.67	2.28	25.74	2.31
70	0.0	17.9	5.51	72.32	4.27
71	0.0	24.01	21.97	51.47	2.56
72	0.0	60.69	29.45	4.12	5.74
73	0.0	22.62	23.79	2.71	50.88
74	0.0	9.52	21.53	7.33	61.61
75	0.0	82.53	2.64	1.07	13.76
76	0.0	14.59	3.08	4.66	77.67
77	0.0	48.98	16.36	12.27	22.39
78	0.0	26.02	37.37	12.24	24.37
79	0.0	28.54	15.37	7.85	48.24
80	0.0	24.49	19.83	6.27	49.41
81	0.0	3.38	21.95	69.4	5.27
82	0.0	24.89	22.3	3.77	49.03
83	0.0	24.43	5.05	22.11	48.4
84	0.0	45.84	0.93	50.99	2.24
85	0.0	26.67	0.93	70.29	2.11
86	0.0	68.9	2.48	3.67	24.95
87	0.0	1.94	50.2	22.98	24.88
88	0.0	1.74	1.51	22.49	74.26
89	0.0	1.25	21.88	5.27	71.6
90	0.0	2.67	4.75	88.98	3.6
91	0.0	36.37	26.23	24.7	12.7
92	0.0	24.75	30.0	28.72	16.53
93	0.0	7.42	2.9	83.97	5.71
94	0.0	20.14	50.99	17.48	11.39
95	0.0	5.23	0.94	65.29	28.54
96	0.0	11.0	3.21	14.53	71.25
97	0.0	1.44	10.54	52.53	35.48
98	0.0	1.71	62.91	8.57	26.81
99	0.0	9.32	54.72	15.92	20.04
100	0.0	6.57	83.51	5.52	4.4
101	0.0	6.36	58.18	26.93	8.53
102	0.0	15.12	17.37	15.15	52.36
103	0.0	39.47	15.48	41.85	3.2
104	0.0	24.69	62.8	5.37	7.13
105	0.0	15.63	4.56	30.16	49.64
106	0.0	13.75	69.38	14.76	2.1
107	0.0	82.9	1.5	5.81	9.79
108	0.0	6.01	11.32	30.47	52.19
109	0.0	31.93	34.86	29.37	3.83
110	0.0	48.02	23.02	6.73	22.23
111	0.0	51.94	15.84	23.07	9.16
112	0.0	54.08	1.83	1.56	42.54
113	0.0	77.06	4.64	6.97	11.34
114	0.0	26.99	1.02	52.57	19.42
115	0.0	23.09	3.03	61.28	12.6
116	0.0	10.25	1.49	55.03	33.24
117	0.0	17.61	21.6	22.38	38.41
118	0.0	8.75	9.1	10.69	71.45
119	0.0	32.57	34.32	11.22	21.88
120	0.0	3.91	14.18	7.59	74.32
121	0.0	26.37	6.41	15.7	51.52
122	0.0	40.26	18.47	25.69	15.58
123	0.0	11.23	2.61	30.67	55.49
124	0.0	14.22	10.14	72.74	2.9
125	0.0	3.93	15.11	59.85	21.11
126	0.0	22.68	16.03	3.66	57.63
127	0.0	1.15	68.1	12.77	17.98
128	0.0	1.44	49.54	23.09	25.93
129	0.0	11.11	38.51	18.61	31.78
130	0.0	22.8	1.96	34.73	40.51
131	0.0	42.17	2.06	44.0	11.77
132	0.0	13.12	16.26	18.73	51.89
133	0.0	17.67	49.69	26.83	5.81
134	0.0	6.66	46.1	44.12	3.13
135	0.0	20.65	24.27	50.47	4.62
136	0.0	7.05	31.97	53.77	7.21
137	0.0	2.32	31.6	60.27	5.81
138	0.0	12.89	66.63	17.29	3.2
139	0.0	47.31	12.29	24.24	16.16
140	0.0	36.68	14.3	23.9	25.12
141	0.0	7.17	63.58	10.39	18.86
142	0.0	10.55	48.66	4.14	36.65
143	0.0	15.61	7.69	1.48	75.22
144	0.0	25.45	21.5	1.22	51.83
145	0.0	90.99	1.88	1.14	5.98
146	0.0	54.93	4.75	2.07	38.25
147	0.0	31.56	2.62	30.1	35.71
148	0.0	38.34	1.7	19.4	40.56
149	0.0	33.35	3.12	18.16	45.37
150	0.0	15.31	18.91	33.07	32.7
151	0.0	14.45	32.58	28.15	24.82
152	0.0	9.82	35.38	36.31	18.48
153	0.0	3.53	37.01	28.11	31.35
154	0.0	19.12	57.15	8.41	15.32
155	0.0	27.15	5.29	61.43	6.13
156	0.0	8.06	29.51	29.97	32.45
157	0.0	54.25	3.21	18.68	23.86
158	0.0	24.69	12.72	34.93	27.67
159	0.0	26.57	11.57	28.06	33.8
160	0.0	35.67	27.49	10.22	26.62
161	0.0	52.5	19.36	15.32	12.82
162	0.0	14.26	67.06	8.05	10.63
163	0.0	30.77	17.47	26.92	24.84
164	0.0	25.37	34.48	22.43	17.72
165	0.0	27.58	16.15	37.19	19.07
166	0.0	20.63	23.51	20.79	35.06
167	0.0	29.79	17.67	28.34	24.2
168	0.0	15.51	26.18	40.58	17.73
169	0.0	12.9	31.19	28.6	27.31
170	0.0	36.43	14.08	16.44	33.06
171	0.0	14.3	5.78	55.49	24.43
172	0.0	43.52	31.97	5.63	18.87
173	0.0	16.58	24.48	30.27	28.67
174	0.0	33.12	22.84	17.89	26.14
175	0.0	44.99	36.98	15.15	2.88
176	0.0	27.87	46.89	20.4	4.84
177	0.0	47.44	33.07	17.1	2.39
178	0.0	46.68	38.64	12.68	2.0
179	0.0	40.15	27.83	30.51	1.51
180	0.0	40.87	24.69	29.83	4.61
181	0.0	49.76	13.13	26.76	10.36
182	0.0	17.16	15.47	52.59	14.78
183	0.0	64.76	5.33	24.5	5.41
184	0.0	17.5	33.71	17.48	31.31
185	0.0	25.33	34.07	25.01	15.59
186	0.0	31.98	38.57	23.9	5.54
187	0.0	16.62	41.59	10.76	31.03
188	0.0	13.31	56.47	14.76	15.45
189	0.0	34.96	46.65	4.79	13.6
190	0.0	4.39	28.91	23.39	43.31
191	0.0	22.57	48.36	11.27	17.79
192	0.0	10.69	40.35	15.83	33.13
193	0.0	14.66	36.96	13.25	35.13
194	0.0	3.91	55.47	36.2	4.41
195	0.0	22.48	40.58	13.9	23.04
196	0.0	1.6	41.87	45.02	11.51
197	0.0	2.23	46.61	28.33	22.83
198	0.0	12.43	23.59	47.72	16.26
199	0.0	32.89	2.27	40.7	24.14
200	0.0	38.4	3.33	35.21	23.06
201	0.0	39.86	11.73	36.54	11.88
202	0.0	45.42	24.0	5.98	24.61
203	0.0	22.82	19.34	31.67	26.17
204	0.0	2.25	43.37	14.34	40.04
205	0.0	1.93	51.12	4.01	42.95
206	0.0	1.71	26.77	21.85	49.67
207	0.0	3.33	78.79	1.51	16.37
208	0.0	19.11	22.57	1.23	57.09
209	0.0	28.2	57.2	0.88	13.72
210	0.0	9.45	47.1	1.08	42.38
211	0.0	76.29	16.09	1.01	6.61
212	0.0	8.89	48.29	2.72	40.09
213	0.0	37.6	36.72	10.79	14.88
214	0.0	37.92	31.36	3.47	27.24
215	0.0	43.35	8.02	15.53	33.1
216	0.0	36.94	11.03	2.8	49.23
217	0.0	54.9	13.81	4.09	27.21
218	0.0	26.34	16.55	10.09	47.02
219	0.0	48.9	9.47	21.52	20.12
220	0.0	37.57	28.78	23.7	9.95
221	0.0	15.24	20.05	33.15	31.56
222	0.0	32.61	10.34	33.28	23.76
223	0.0	13.98	31.42	34.27	20.33
224	0.0	33.01	12.84	19.82	34.33
225	0.0	18.19	9.71	39.08	33.02
226	0.0	42.69	20.23	21.18	15.9
227	0.0	30.42	8.85	26.82	33.91
228	0.0	41.55	10.18	39.07	9.2
229	0.0	37.54	19.92	19.01	23.54
230	0.0	20.56	33.63	25.6	20.21
231	0.0	22.97	25.88	19.64	31.52
232	0.0	14.01	60.98	12.43	12.59
233	0.0	21.53	20.01	13.69	44.77
234	0.0	21.14	48.83	9.03	21.0
235	0.0	33.88	23.31	29.29	13.52
236	0.0	22.86	10.96	25.26	40.93
237	0.0	34.61	29.21	10.79	25.39
238	0.0	25.98	7.93	40.99	25.11
239	0.0	12.9	10.68	18.14	58.27
240	0.0	44.17	16.84	27.11	11.88
241	0.0	23.5	23.42	12.11	40.97
242	0.0	38.9	11.56	37.38	12.16
243	0.0	32.51	38.25	7.84	21.41
244	0.0	48.41	10.29	8.65	32.65
245	0.0	53.22	13.21	6.43	27.15
246	0.0	27.67	17.21	8.81	46.3
247	0.0	26.54	15.92	9.05	48.48
248	0.0	54.42	18.0	10.29	17.29
249	0.0	17.8	28.32	8.94	44.93
250	0.0	37.35	23.5	9.07	30.07
251	0.0	9.8	52.64	8.0	29.56
252	0.0	10.07	26.12	11.12	52.69
253	0.0	20.55	49.26	11.33	18.86
254	0.0	25.22	19.83	18.46	36.49
255	0.0	12.34	51.93	26.67	9.06
256	0.0	33.65	30.11	27.58	8.66
257	0.0	15.55	18.65	54.31	11.48
258	0.0	21.56	35.5	18.6	24.34
259	0.0	15.88	16.01	35.52	32.6
260	0.0	38.98	23.94	10.86	26.23
261	0.0	14.95	29.62	20.79	34.63
262	0.0	9.95	33.79	22.12	34.14
263	0.0	11.03	59.56	16.1	13.31
264	0.0	14.12	28.4	36.52	20.96
265	0.0	20.79	44.02	13.23	21.97
266	0.0	25.0	33.14	20.6	21.25
267	0.0	14.8	28.6	24.64	31.96
268	0.0	31.65	30.85	13.65	23.85
269	0.0	18.2	27.3	29.04	25.46
270	0.0	9.47	51.11	11.11	28.31
271	0.0	10.51	28.8	14.86	45.83
272	0.0	11.74	46.82	22.74	18.7
273	0.0	21.08	17.43	25.95	35.54
274	0.0	27.39	32.11	17.67	22.83
275	0.0	12.71	9.53	9.53	68.22
276	0.0	37.09	22.52	22.52	17.88
277	0.0	30.41	22.3	18.92	28.38
278	0.0	34.93	18.49	15.75	30.82
279	0.0	30.34	20.69	20.69	28.28
280	0.0	25.17	20.98	27.97	25.87
281	0.0	24.11	27.66	23.4	24.82
282	0.0	28.06	28.06	21.58	22.3
283	0.0	15.94	28.99	23.19	31.88
284	0.0	24.82	21.9	23.36	29.93
285	0.0	22.79	30.15	18.38	28.68
286	0.0	23.31	36.84	14.29	25.56
287	0.0	19.85	39.69	17.56	22.9
288	0.0	19.05	37.3	22.22	21.43
289	0.0	17.21	43.44	22.13	17.21
290	0.0	20.51	34.19	31.62	13.68
291	0.0	26.09	34.78	19.13	20.0
292	0.0	16.81	33.63	24.78	24.78
293	0.0	24.32	24.32	23.42	27.93
294	0.0	24.77	20.18	26.61	28.44
295	0.0	21.3	26.85	23.15	28.7
296	0.0	31.78	24.3	20.56	23.36
297	0.0	21.7	23.58	20.75	33.96
298	0.0	16.19	27.62	28.57	27.62
299	0.0	16.67	26.47	19.61	37.25
300	0.0	19.61	30.39	16.67	33.33
301	0.0	19.8	31.68	13.86	34.65
302	0.0	27.55	25.51	17.35	29.59
303	0.0	27.37	33.68	10.53	28.42
304	0.0	22.47	31.46	5.62	40.45
305	0.0	17.07	45.12	10.98	26.83
306	0.0	22.97	40.54	9.46	27.03
307	0.0	22.06	29.41	20.59	27.94
308	0.0	13.11	39.34	9.84	37.7
309	0.0	36.36	27.27	9.09	27.27
310	0.0	31.37	37.25	11.76	19.61
311	0.0	25.58	25.58	18.6	30.23
312	0.0	27.03	27.03	10.81	35.14
313	0.0	30.3	39.39	9.09	21.21
314	0.0	20.69	24.14	20.69	34.48
315	0.0	22.22	25.93	33.33	18.52
316	0.0	25.93	29.63	14.81	29.63
317	0.0	29.17	41.67	12.5	16.67
318	0.0	25.0	29.17	16.67	29.17
319	0.0	26.09	30.43	21.74	21.74
320	0.0	31.82	22.73	18.18	27.27
321	0.0	15.0	25.0	25.0	35.0
322	0.0	31.58	26.32	15.79	26.32
323	0.0	31.58	31.58	5.26	31.58
324	0.0	22.22	27.78	16.67	33.33
325	0.0	33.33	20.0	20.0	26.67
326	0.0	13.33	26.67	26.67	33.33
327	0.0	7.14	14.29	35.71	42.86
328	0.0	7.14	64.29	21.43	7.14
329	0.0	28.57	21.43	28.57	21.43
330	0.0	15.38	23.08	46.15	15.38
331	0.0	30.77	23.08	23.08	23.08
332	0.0	46.15	15.38	30.77	7.69
333	0.0	46.15	15.38	7.69	30.77
334	0.0	25.0	16.67	25.0	33.33
335	0.0	33.33	33.33	16.67	16.67
336	0.0	16.67	8.33	25.0	50.0
337	0.0	25.0	41.67	8.33	25.0
338	0.0	16.67	41.67	33.33	8.33
339	0.0	41.67	16.67	16.67	25.0
340	0.0	25.0	25.0	33.33	16.67
341	0.0	18.18	45.45	18.18	18.18
342	0.0	18.18	9.09	45.45	27.27
343	0.0	18.18	54.55	9.09	18.18
344	0.0	27.27	45.45	18.18	9.09
345	0.0	36.36	9.09	27.27	27.27
346	0.0	18.18	18.18	9.09	54.55
347	0.0	20.0	30.0	30.0	20.0
348	0.0	70.0	0.0	20.0	10.0
349	0.0	40.0	10.0	20.0	30.0
350	0.0	40.0	30.0	20.0	10.0
351	0.0	40.0	50.0	0.0	10.0
352	0.0	20.0	10.0	20.0	50.0
353	0.0	20.0	20.0	20.0	40.0
354	0.0	40.0	30.0	20.0	10.0
355	0.0	10.0	50.0	10.0	30.0
356	0.0	30.0	50.0	0.0	20.0
357	0.0	10.0	50.0	10.0	30.0
358	0.0	30.0	30.0	20.0	20.0
359	0.0	11.11	33.33	22.22	33.33
360	0.0	37.5	12.5	25.0	25.0
361	0.0	12.5	25.0	37.5	25.0
362	0.0	25.0	12.5	25.0	37.5
363	0.0	25.0	50.0	12.5	12.5
364	0.0	50.0	25.0	0.0	25.0
365	0.0	25.0	12.5	12.5	50.0
366	0.0	50.0	12.5	12.5	25.0
367	0.0	25.0	50.0	12.5	12.5
368	0.0	12.5	12.5	37.5	37.5
369	0.0	25.0	0.0	50.0	25.0
370	0.0	25.0	25.0	25.0	25.0
371	0.0	28.57	0.0	28.57	42.86
372	0.0	14.29	71.43	14.29	0.0
373	0.0	14.29	28.57	14.29	42.86
374	0.0	14.29	42.86	28.57	14.29
375	0.0	0.0	14.29	28.57	57.14
376	0.0	33.33	16.67	33.33	16.67
377	0.0	16.67	16.67	16.67	50.0
378	0.0	50.0	16.67	16.67	16.67
379	0.0	50.0	16.67	0.0	33.33
380	0.0	0.0	16.67	16.67	66.67
381	0.0	16.67	16.67	50.0	16.67
382	0.0	16.67	33.33	16.67	33.33
383	0.0	16.67	16.67	16.67	50.0
384	0.0	33.33	16.67	16.67	33.33
385	0.0	16.67	33.33	0.0	50.0
386	0.0	33.33	0.0	16.67	50.0
387	0.0	50.0	16.67	0.0	33.33
388	0.0	33.33	33.33	33.33	0.0
389	0.0	16.67	66.67	16.67	0.0
390	0.0	0.0	50.0	0.0	50.0
391	0.0	33.33	16.67	50.0	0.0
392	0.0	33.33	16.67	33.33	16.67
393	0.0	50.0	0.0	16.67	33.33
394	0.0	33.33	33.33	33.33	0.0
395	0.0	16.67	16.67	16.67	50.0
396	0.0	83.33	0.0	0.0	16.67
397	0.0	0.0	50.0	16.67	33.33
398	0.0	33.33	33.33	0.0	33.33
399	0.0	16.67	33.33	16.67	33.33
400	0.0	16.67	16.67	33.33	33.33
401	0.0	33.33	33.33	16.67	16.67
402	0.0	50.0	16.67	0.0	33.33
403	0.0	16.67	16.67	16.67	50.0
404	0.0	83.33	0.0	0.0	16.67
405	0.0	0.0	33.33	33.33	33.33
406	0.0	20.0	20.0	40.0	20.0
407	0.0	0.0	0.0	60.0	40.0
408	0.0	0.0	0.0	40.0	60.0
409	0.0	40.0	40.0	0.0	20.0
410	0.0	0.0	20.0	40.0	40.0
411	0.0	20.0	40.0	0.0	40.0
412	0.0	20.0	40.0	0.0	40.0
413	0.0	20.0	20.0	40.0	20.0
414	0.0	0.0	40.0	20.0	40.0
415	0.0	40.0	20.0	0.0	40.0
416	0.0	20.0	60.0	0.0	20.0
417	0.0	40.0	0.0	20.0	40.0
418	0.0	20.0	20.0	60.0	0.0
419	0.0	0.0	20.0	60.0	20.0
420	0.0	20.0	20.0	40.0	20.0
421	0.0	20.0	0.0	0.0	80.0
422	0.0	0.0	0.0	60.0	40.0
423	0.0	20.0	60.0	20.0	0.0
424	0.0	20.0	20.0	0.0	60.0
425	0.0	40.0	20.0	20.0	20.0
426	0.0	20.0	20.0	40.0	20.0
427	0.0	40.0	20.0	20.0	20.0
428	0.0	20.0	20.0	40.0	20.0
429	0.0	20.0	40.0	0.0	40.0
430	0.0	20.0	40.0	20.0	20.0
431	0.0	0.0	75.0	25.0	0.0
432	0.0	50.0	0.0	25.0	25.0
433	0.0	25.0	75.0	0.0	0.0
434	0.0	25.0	25.0	25.0	25.0
435	0.0	0.0	66.67	0.0	33.33
436	0.0	66.67	0.0	33.33	0.0
437	0.0	33.33	0.0	66.67	0.0
438	0.0	33.33	33.33	33.33	0.0
439	0.0	33.33	33.33	33.33	0.0
440	0.0	33.33	33.33	33.33	0.0
441	0.0	33.33	0.0	33.33	33.33
442	0.0	0.0	66.67	33.33	0.0
443	0.0	33.33	33.33	0.0	33.33
444	0.0	0.0	100.0	0.0	0.0
445	0.0	0.0	0.0	0.0	100.0
446	0.0	33.33	33.33	33.33	0.0
447	0.0	0.0	66.67	0.0	33.33
448	0.0	66.67	0.0	0.0	33.33
449	0.0	0.0	66.67	0.0	33.33
450	0.0	0.0	0.0	50.0	50.0
451	0.0	50.0	0.0	50.0	0.0
452	0.0	0.0	50.0	0.0	50.0
453	0.0	0.0	0.0	50.0	50.0
454	0.0	50.0	0.0	0.0	50.0
455	0.0	0.0	0.0	0.0	100.0
456	0.0	50.0	0.0	0.0	50.0
457	0.0	50.0	50.0	0.0	0.0
458	0.0	100.0	0.0	0.0	0.0
459	0.0	0.0	100.0	0.0	0.0
460	0.0	0.0	0.0	0.0	100.0
461	0.0	50.0	0.0	50.0	0.0
462	0.0	0.0	100.0	0.0	0.0
463	0.0	0.0	0.0	0.0	100.0
464	0.0	0.0	100.0	0.0	0.0
465	0.0	0.0	0.0	0.0	100.0
466	0.0	100.0	0.0	0.0	0.0
467	0.0	0.0	0.0	0.0	100.0
